0x000adf50,task_AdditionAgent
0xff810dcc,memShow_FW
0xff812ab8,DisableDispatch_low
0xff812ae4,EnableDispatch_low
0xff812b38,get_self_task_id
0xff813af4,get_task_properties
0xff814030,strncpy
0xff81406c,strncmp
0xff8140b8,strchr
0xff8140dc,strrchr
0xff814104,strlen
0xff814104,strlen_FW
0xff8141ec,malloc
0xff814244,free
0xff815f58,drysh_FW
0xff815fd4,err_init_task
0xff816124,task_ClockSave
0xff819dd0,get_self_task_errno_pointer
0xff81a29c,GetMemInfo
0xff81ab04,open
0xff81abb4,close
0xff81ad58,Read
0xff81ad58,Read_FW
0xff81e948,RegisterInterruptHandler
0xff81e96c,UnregisterInterruptHandler
0xff81e984,GetSRAndDisableInterrupt
0xff81e988,SetSR
0xff81e9a8,EnableInterrupt
0xff81e9b0,CreateTask
0xff81e9b0,CreateTask_FW
0xff81ec40,ExitTask
0xff81ec40,ExitTask_FW
0xff81ec88,DebugAssert
0xff81ed68,task_ConsoleSvr
0xff81f374,RotateConsoleZOder_FW
0xff81f404,task_LowConsole
0xff81f584,CPrintf_FW
0xff81f5dc,CPutChar_FW
0xff81f604,GetCh_FW
0xff81f654,GetStringWithPrompt_FW
0xff81f6f4,OpenConsole_FW
0xff81f820,CloseConsole_FW
0xff81fbf4,task_Startup
0xff81fd98,_uartr_req
0xff81fe28,task_UartLog
0xff81ffcc,StartRedirectUART_FW
0xff8200e0,StopRedirectUART_FW
0xff8207dc,sprintf_FW
0xff820820,vsprintf
0xff820860,strcpy
0xff820860,strcpy_FW
0xff820878,j_strcmp_FW
0xff820878,strcmp
0xff8208a0,strcmp_FW
0xff8208bc,memcmp
0xff8208bc,memcmp_FW
0xff8327dc,task_BatteryTask
0xff832c94,GetVBatVoltage_FW
0xff832c94,VbattGet
0xff832c94,VbattGet_FW
0xff833ba0,kbd_p2_f
0xff833ecc,task_PhySw
0xff834260,GetSwitchStatus_FW
0xff8342cc,GetSDDetect_FW
0xff8342d4,GetSDProtect
0xff8342d4,GetSDProtect_FW
0xff8342f4,GetDialEventId_FW
0xff8342f8,GetLcdPosition_FW
0xff834300,GetBatteryCoverClose_FW
0xff834308,IsHvSensorExist_FW
0xff834310,kbd_read_keys
0xff83438c,kbd_p1_f
0xff834398,kbd_p1_f_cont
0xff8351b8,EngDrvOut
0xff8351d0,EngDrvIn
0xff8351d8,EngDrvRead
0xff8351ec,EngDrvBits
0xff8354b8,DisplayFactoryMode_FW
0xff8354c4,UndisplayFactoryMode_FW
0xff8356ec,SetDurianMode_FW
0xff835724,ClearDurianMode_FW
0xff835724,ClearFactoryMode_FW
0xff8357e0,SetFactoryMode_FW
0xff835818,ClearDUIDFixFlag_FW
0xff835850,SetDUIDFixFlag_FW
0xff83588c,IsFactoryMode_FW
0xff8358f4,IsDUIDFixFlag_FW
0xff83593c,IsNormalCameraMode_FW
0xff835954,StartFactoryModeController_FW
0xff8362b8,RenameFile_Fut
0xff83634c,DeleteFile_Fut
0xff8363c0,MakeDirectory_Fut
0xff836430,DeleteDirectory_Fut
0xff836488,Fopen_Fut
0xff836488,Fopen_Fut_FW
0xff8364c8,Fclose_Fut
0xff8364c8,Fclose_Fut_FW
0xff836574,Fread_Fut
0xff836574,Fread_Fut_FW
0xff8365c8,Fwrite_Fut
0xff8365c8,Fwrite_Fut_FW
0xff83661c,Fgets_Fut
0xff836668,Fseek_Fut
0xff836668,Fseek_Fut_FW
0xff8366b4,Feof_Fut
0xff8366f0,Fflush_Fut
0xff83696c,Open
0xff83696c,Open_FW
0xff836a34,Close
0xff836a34,Close_FW
0xff836a88,Write
0xff836a88,Write_FW
0xff836adc,j_Open_FW
0xff836ae0,j_Close_FW
0xff836b58,Remove
0xff836be0,j_Read_FW
0xff836be4,j_Write_FW
0xff836c50,Lseek
0xff836c50,lseek
0xff836c50,Lseek_FW
0xff836c70,OpenForScrip_FW
0xff836c98,stat
0xff836dc0,SetFileTimeStamp
0xff836e38,SetFileAttributes
0xff836ed0,mkdir
0xff8370d8,j_StartCameraLog_FW
0xff8370dc,j_ShowCameraLog_FW
0xff8370e0,j_ShowCameraLogInfo_FW
0xff8370e4,j_StopCameraLog_FW
0xff8370e8,j_PutsCameraLogEvent_FW
0xff8370ec,OpLog.Create_FW
0xff83715c,j_NewTaskShell_FW
0xff837160,j_ExMem.View_FW
0xff837164,j_ExMem.AllocUncacheable_FW
0xff837168,j_ExMem.FreeUncacheable_FW
0xff83716c,j_ExMem.AllocCacheable_FW
0xff837170,j_ExMem.FreeCacheable_FW
0xff837174,ExMem_FW
0xff837d18,MoveOpticalZoomAt
0xff837f7c,PT_GetDigitalZoomPosition_FW
0xff8381a4,DoAFLock
0xff8381dc,UnlockAF
0xff838400,EnterToCompensationEVF
0xff838444,ExitFromCompensationEVF
0xff838498,DoAELock
0xff8384bc,UnlockAE
0xff838a00,MenuIn
0xff838a2c,MenuOut
0xff839690,CreateMessageQueue
0xff839714,DeleteMessageQueue
0xff8397a4,ReceiveMessageQueue
0xff83986c,TryReceiveMessageQueue
0xff8398f0,PostMessageQueue
0xff8399a8,TryPostMessageQueue
0xff8399e8,GetNumberOfPostedMessages
0xff839a54,CreateBinarySemaphore
0xff839abc,CreateCountingSemaphore
0xff839abc,CreateCountingSemaphore_FW
0xff839b14,DeleteSemaphore
0xff839b14,DeleteSemaphore_FW
0xff839b6c,TryTakeSemaphore
0xff839bc0,TakeSemaphore
0xff839bc0,TakeSemaphore_FW
0xff839c90,GiveSemaphore
0xff839c90,GiveSemaphore_FW
0xff839cc8,GetSemaphoreValue
0xff839d30,DisableDispatch
0xff839d88,SetValidSystemCalender
0xff839d94,GetValidSystemCalender
0xff839db4,IsInvalidTime
0xff839dcc,PauseTimeOfSystem
0xff839ddc,ResumeTimeOfSystem
0xff839f3c,SleepTask
0xff839f3c,SleepTask_FW
0xff839f84,EnableDispatch
0xff839fdc,CreateTaskStrictly
0xff83a010,CreateMessageQueueStrictly
0xff83a034,CreateEventFlagStrictly
0xff83a058,CreateBinarySemaphoreStrictly
0xff83a07c,CreateCountingSemaphoreStrictly
0xff83a0a0,CreateRecursiveLockStrictly
0xff83a0c4,TakeSemaphoreStrictly
0xff83a0f0,ReceiveMessageQueueStrictly
0xff83a11c,PostMessageQueueStrictly
0xff83a148,WaitForAnyEventFlagStrictly
0xff83a174,WaitForAllEventFlagStrictly
0xff83a1a0,AcquireRecursiveLockStrictly
0xff83a1ec,malloc_strictly
0xff83a298,AllocateUncacheableMemory
0xff83a2d8,FreeUncacheableMemory
0xff83a534,_GetSystemTime
0xff83a66c,SetTimerAfter
0xff83a6ec,SetTimerWhen
0xff83a750,CancelTimer
0xff83b840,TurnOffE1_FW
0xff83b8f0,task_Bye
0xff83baa8,Restart
0xff83c220,task_StartupImage
0xff83f8f0,memcpy
0xff83f8f0,memcpy_FW
0xff83f9f4,strtolx
0xff83fbf0,strtol
0xff846884,ExpCtrlTool_StartContiAE
0xff84695c,ExpCtrlTool_StopContiAE
0xff8486d8,task_WBCtrl
0xff84bfd8,task_AFTask
0xff84cae0,GetMacroSupportZoomPoint_FW
0xff84da28,ReloadAFAdjustment_FW
0xff84e2d4,ImagerActivate
0xff84f6b0,task__ImageSensorTask
0xff85001c,SetMontblancVSize_FW
0xff850030,GetMontblancVSize_FW
0xff852d28,LiveImageTool.GetDzoomPosition_FW
0xff8537e8,GetVRAMHPixelsSize
0xff8537e8,GetVRAMHPixelsSize_FW
0xff8537f4,GetVRAMVPixelsSize
0xff8537f4,GetVRAMVPixelsSize_FW
0xff853800,GetMovieJpegVRAMHPixelsSize_FW
0xff85380c,GetMovieJpegVRAMVPixelsSize_FW
0xff8538d8,StopContinuousVRAMData_FW
0xff85b260,DispCon_ShowColorBar_FW
0xff85b2b8,DispCon_ShowFiveStep_FW
0xff85b390,DispCon_ShowWhiteChart_FW
0xff85b3c8,DispCon_ShowBlackChart_FW
0xff85b3e4,DispCon_ShowBitmapColorBar
0xff85b3e4,DispCon_ShowBitmapColorBar_FW
0xff85b440,DispCon_ShowCustomColorBar_FW
0xff85b494,DispCon_SetDisplayType_FW
0xff85b4b4,DispCon_ShowColorChart_FW
0xff85b4d8,DispCon_ShowWhiteLine_FW
0xff85b6dc,DispCon_ShowNStepsChart_FW
0xff85b84c,DispCon_TurnOnDisplay_FW
0xff85b84c,TurnOnDisplay
0xff85b85c,DispCon_TurnOffDisplay_FW
0xff85b85c,TurnOffDisplay
0xff85b86c,DispCon_TurnOnBackLight_FW
0xff85b87c,DispCon_TurnOffBackLight_FW
0xff85b88c,DispCon_SetMaxBackLightBrightness_FW
0xff85b90c,DispCon_SetVideoAdjParameter_FW
0xff85b978,DispCon_GetVideoAdjParameter_FW
0xff85b9d4,DispCon_ShowVideoAdjParameter_FW
0xff85ba00,DispCon_SaveVideoAdjParameter_FW
0xff85ba7c,DispCon_SetLcdGainAdjParameter_FW
0xff85bb40,DispCon_GetLcdGainAdjParameter_FW
0xff85bb7c,DispCon_ShowLcdGainAdjParameter_FW
0xff85bb8c,DispCon_SaveLcdGainAdjParameter_FW
0xff85cd18,GetAdVBattBottom_FW
0xff85cd20,GetAdChValue
0xff85cd20,GetAdChValue_FW
0xff85e404,GetTimeFromRTC
0xff85e5c4,task_BeepTask
0xff85e944,BeepDrive_FW
0xff85e964,BeepDriveComp_FW
0xff85eba8,task_LEDCon
0xff85ef84,LEDDrive
0xff85f050,LEDDrive_FW
0xff85f3c4,kbd_read_keys_r2
0xff85f968,GetKbdState
0xff85fa30,task_AudioTsk
0xff860038,TurnOnVideoOutMode_FW
0xff86009c,TurnOffVideoOutMode_FW
0xff860ea0,task_FWDDATA
0xff861678,task_Thermometer
0xff8617d0,GetCCDTemperature
0xff8617d0,GetCCDTemperature_FW
0xff861844,GetBatteryTemperature_FW
0xff8618bc,GetOpticalTemperature
0xff8618bc,GetOpticalTemperature_FW
0xff861970,IsOpticalTemperature_FW
0xff8619a4,IsCCDTemperature_FW
0xff8619d8,IsBatteryTemperature_FW
0xff861a28,j_GetOpticalTemperature_FW
0xff861a2c,j_GetCCDTemperature_FW
0xff861a30,j_GetBatteryTemperature_FW
0xff861a34,j_IsOpticalTemperature_FW
0xff861a38,j_IsCCDTemperature_FW
0xff861a3c,j_IsBatteryTemperature_FW
0xff863c1c,EraseAdjustmentArea_FW
0xff863c28,DumpAdjMirror_FW
0xff863c4c,GetAdjTableVersion_FW
0xff863c80,GetAdjTableMapVersion_FW
0xff863c90,GetAdjTableValueVersion_FW
0xff863ca4,ShowDefaultAdjTableVersion_FW
0xff863d44,LoadAdjustmentTable_FW
0xff863d7c,LoadDefectAdjTable_FW
0xff864134,SaveAdjustmentTable_FW
0xff86419c,SaveDefectAdjTable_FW
0xff8641b4,SaveAdjustmentValue_FW
0xff8641e8,LoadAdjustmentValue_FW
0xff86420c,PrintAdjTableMap_FW
0xff8644b0,CreateAdjustmentTableMirror_FW
0xff8644b8,RefreshAdjustmentTableMirror_FW
0xff8644c0,CreateDefectTableMirror_FW
0xff8644c8,RefreshDefectTableMirror_FW
0xff8644d0,PrintAdjKabotanInfo_FW
0xff86455c,WRITEADJTABLETOFROM_FW
0xff864580,WRITEADJUSTMENTDATATOFROM_FW
0xff864970,GetDCPAdjOffset_FW
0xff864c2c,GetBpDBAdjustmentOffset_FW
0xff864c34,GetDccdAdjustmentOffset_FW
0xff864c44,GetProductID_FW
0xff864c60,GetAdjDataAreaAddress_FW
0xff8671e8,GetTestRecCrawAddress_FW
0xff868174,InitializeTestRec_FW
0xff8681dc,TerminateTestRec_FW
0xff868474,ExecuteTestRec_FW
0xff868488,ExecuteTestRecCF_FW
0xff868488,ExecuteTestRecSD_FW
0xff8684a0,ExecuteTestRecWithInteg_FW
0xff8684b8,ExecuteTestRecSw1_FW
0xff868504,ExecuteTestRecDevelopProcess_FW
0xff868c0c,CalculateTestRecYUVData_FW
0xff868c74,SetTestRecSkimmingYUV_FW
0xff868d04,Initializedccd_FW
0xff868d04,InitializeDigicon_FW
0xff868db4,Terminatedccd_FW
0xff868db4,TerminateDigicon_FW
0xff868e0c,ExecuteDigicon_FW
0xff86900c,ResetRegistNoticeCBR_FW
0xff869510,Executedccd_FW
0xff869588,GetdccdImage_FW
0xff869618,GetdccdFilterValue_FW
0xff869808,RegistFirmScanNoticeCBR_FW
0xff86bd50,task_FsIoNotifyTask
0xff86f2cc,GetDrive_ClusterSize
0xff86f2fc,GetDrive_TotalClusters
0xff86f324,GetDrive_FreeClusters
0xff86f344,get_fstype
0xff86f55c,MakeSDCardBootable
0xff86f670,task_SD1stInit
0xff8728f8,task_ImgPlayDrv
0xff873c60,task_RedEyeCapt
0xff8741ac,task_LensController
0xff874b04,task_LensController
0xff8753ac,IsLensOutside_FW
0xff8753d0,GetFocusStartZoomPosition_FW
0xff875638,PT_CompletePreCapt_FW
0xff875640,PT_RecreviewAvailable_FW
0xff875648,PT_NextShootAvailable_FW
0xff875650,PT_CompleteStopZoom_FW
0xff875658,PT_CompleteStopDigZoom_FW
0xff875660,PT_CompleteStoreLens_FW
0xff875668,PT_MovieRecordStopped_FW
0xff875670,PT_CompleteCaptModeChange_FW
0xff875678,PT_CompleteSynchroWrite_FW
0xff875680,PT_CompleteCharge_FW
0xff875688,PT_CompleteFileWrite_FW
0xff875690,PT_ShootPicture_FW
0xff875698,PT_EraseAllFile_FW
0xff8756c4,PT_mod_FW
0xff8756e8,PT_SetPropertyCaseInt_FW
0xff875710,PT_GetPropertyCaseInt_FW
0xff875788,PT_MoveOpticalZoomToTele_FW
0xff87579c,PT_MoveOpticalZoomToWide_FW
0xff8757b0,PT_MoveOpticalZoomAt
0xff8757b0,PT_MoveOpticalZoomAt_FW
0xff8757c8,PT_MoveDigitalZoomToTele_FW
0xff8757d8,PT_MoveDigitalZoomToWide
0xff8757d8,PT_MoveDigitalZoomToWide_FW
0xff8757e8,PT_MoveDigitalZoomAt_FW
0xff8757fc,PT_GetDigitalZoomTele_FW
0xff875810,j_PT_GetDigitalZoomPosition_FW
0xff875814,PT_ChangeZoomSpeed_FW
0xff875828,PT_DoAFLock_FW
0xff875838,PT_UnlockAF_FW
0xff875848,PT_DoAELock_FW
0xff875858,PT_UnlockAE_FW
0xff875868,PT_MFOn
0xff875868,PT_MFOn_FW
0xff875878,PT_MFOff
0xff875878,PT_MFOff_FW
0xff875888,SS.Create_FW
0xff876db8,task_SsStartupTask
0xff877db0,task_CaptSeq
0xff877db0,task_CaptSeqTask
0xff8792bc,task_DvlpSeqTask
0xff87e52c,task_SsTask
0xff87eb58,PT_PlaySound
0xff880c08,GetCurrentMachineTime
0xff881a88,CreateEventFlag
0xff881ae0,DeleteEventFlag
0xff881b30,CheckAnyEventFlag
0xff881b78,CheckAllEventFlag
0xff881bc0,WaitForAnyEventFlag
0xff881ca4,WaitForAllEventFlag
0xff881d64,SetEventFlag
0xff881d98,ClearEventFlag
0xff881dd0,GetEventFlagValue
0xff881f50,CreateRecursiveLock
0xff881fa0,DeleteRecursiveLock
0xff881ff0,AcquireRecursiveLock
0xff882110,ReleaseRecursiveLock
0xff882878,ExecuteShutDownPropertyService_FW
0xff882d8c,get_resource_pointer
0xff883048,WriteToRom_FW
0xff8830d8,EraseSectorOfRom_FW
0xff883288,UnLoadScript_FW
0xff883374,Printf_FW
0xff883380,LoadScript_FW
0xff883b14,LocalTime
0xff8840f0,time
0xff8841a0,GetTimeOfSystem_FW
0xff8844b0,ExMem.View_FW
0xff884930,exmem_ualloc
0xff88498c,ExMem.AllocUncacheable_FW
0xff884a7c,exmem_ufree
0xff884ac8,ExMem.FreeUncacheable_FW
0xff884adc,exmem_alloc
0xff884b44,ExMem.AllocCacheable_FW
0xff884b54,exmem_free
0xff884bcc,ExMem.FreeCacheable_FW
0xff885804,SetHPTimerAfterNow
0xff885884,SetHPTimerAfterTimeout
0xff88590c,CancelHPTimer
0xff8860fc,RegisterEventProcedure
0xff886224,ExecuteEventProcedure
0xff88629c,ExecuteEventProcedure_FW
0xff886b64,ExportToEventProcedure_FW
0xff886b70,CreateProxyOfEventProcedure_FW
0xff886bc8,DeleteProxyOfEventProcedure_FW
0xff886de8,PutsCameraLogEvent_FW
0xff886e2c,ShowCameraLogInfo_FW
0xff886e98,ShowCameraLog_FW
0xff886ee8,StartCameraLog_FW
0xff8870b0,StopCameraLog_FW
0xff887110,LogCameraEvent
0xff887550,task_OpePlay
0xff8876f8,OpLog.Stop_FW
0xff887724,OpLog.WriteToROM_FW
0xff887754,j_OpLog.WriteToROM_FW
0xff887788,OpLog.ReadFromROM_FW
0xff8877f0,OpLog.ReadFromSD_FW
0xff887c30,OpLog.WriteToSD_FW
0xff88813c,OpLog.Get_FW
0xff88815c,OpLog.Play_FW
0xff8882a0,OpLog.Start_FW
0xff88837c,OpLog.Terminate_FW
0xff888aa0,task_WdtPrint
0xff888b54,task_WdtReset
0xff888c14,StartWDT_FW
0xff888c74,StopWDT_FW
0xff888d74,GetBuildDate_FW
0xff888d7c,GetBuildTime_FW
0xff888d84,GetFirmwareVersion_FW
0xff888e8c,CheckSumAll_FW
0xff889074,RomCheckSum_FW
0xff889920,task_EvShel
0xff8899d4,NewTaskShell
0xff889a34,NewTaskShell_FW
0xff889e70,SetPropertyCase
0xff889f8c,GetPropertyCase
0xff88aa04,StartPlayModeMenu_FW
0xff88aa20,StartRecModeMenu
0xff88aa20,StartRecModeMenu_FW
0xff88aaa4,ShutdownRecModeMenu_FW
0xff88ac94,ShutdownPlayModeMenu_FW
0xff88ae00,ShutdownPlayModeMenuWithoutPbRedraw_FW
0xff88d5e8,task_CtrlSrv
0xff88ddbc,CreateController_FW
0xff88de78,DeleteController_FW
0xff88dffc,MoveControllerToTopOfZOrder_FW
0xff88e13c,GetSelfControllerHandle_FW
0xff88e610,PostLogicalEventForNotPowerType
0xff88e610,PostLogicalEventForNotPowerType_FW
0xff88e65c,PostLogicalEventToUI
0xff88e65c,PostLogicalEventToUI_FW
0xff88e6d4,PostEventShootSeqToUI_FW
0xff88e730,ShowLogicalEventName_FW
0xff88e880,set_control_event
0xff88eb4c,IsControlEventActive_FW
0xff88ebbc,SetLogicalEventActive
0xff88ebbc,UiEvnt_SetLogicalEventActive_FW
0xff88ec0c,SetScriptMode
0xff88ec0c,SetScriptMode_FW
0xff88ec74,UiEvnt_StartDisguiseCradleStatus_FW
0xff88ec84,UiEvnt_StopDisguiseCradleStatus_FW
0xff88ed98,UnlockMainPower
0xff88ed98,UnlockMainPower_FW
0xff88ee44,LockMainPower
0xff88ee44,LockMainPower_FW
0xff88eeb8,SetAutoShutdownTime
0xff88eeb8,SetAutoShutdownTime_FW
0xff88f0a4,HardwareDefectWithRestart_FW
0xff88f0f4,HardwareDefect_FW
0xff88f314,PTM_AllResetToFactorySetting_FW
0xff88f324,j_PTM_AllReset_FW
0xff88f6e4,PTM_SetCurrentCaptureMode_FW
0xff88f820,j_PTM_GetWorkingCaptureMode_FW
0xff88f824,j_PTM_SetCurrentItem_FW
0xff88f830,PTM_GetCurrentItem
0xff88f830,PTM_GetCurrentItem_FW
0xff88f89c,j_PTM_NextItem_FW
0xff88f8a0,j_PTM_PrevItem_FW
0xff88f8b0,j_PTM_IsEnableItem_FW
0xff88f8b4,j_PTM_SetProprietyEnable_FW
0xff88f8cc,j_PTM_BackupUIProperty_FW
0xff88f8d0,PTM_RestoreUIProperty_FW
0xff89200c,PB2Rec
0xff89204c,Rec2PB
0xff8928c0,task_InitFileModules
0xff8928f8,task_CommonDrivers
0xff895bac,SetCurrentCaptureModeType
0xff895bac,SetCurrentCaptureModeType_FW
0xff895be8,GetCurrentCaptureModeType_FW
0xff89690c,UIFS_IsAvailableShots_FW
0xff899b18,UIFS_StartMovieRecord_FW
0xff899b4c,UIFS_StopMovieRecord_FW
0xff89a620,task_FaceFrame
0xff89aa2c,task_DSITask
0xff89b434,TurnOnBackLight
0xff89b44c,TurnOffBackLight
0xff89e7e4,DisplayBusyOnScreen
0xff89e95c,UndisplayBusyOnScreen
0xff8a1fe4,GUISrv_StartGUISystem
0xff8a1fe4,GUISrv_StartGUISystem_FW
0xff8a276c,RefreshPhysicalScreen
0xff8a39a4,ScreenLock
0xff8a3a08,ScreenUnlock
0xff8a3f94,atol_FW
0xff8a3fa0,strcat
0xff8a41e8,strftime
0xff8a47e8,mktime_ext
0xff8a8cf4,GetCurrentShutterSpeed
0xff8a8cf4,GetCurrentShutterSpeed_FW
0xff8a8fcc,GetCurrentExposureTime_FW
0xff8ad228,task_WBIntegTask
0xff8b0848,DoMovieFrameCapture
0xff8b3cf8,task_BrtMsrTask
0xff8b6e60,ExpCtrlTool.SetExpMode_FW
0xff8bb350,task_ExpDrv
0xff8bb350,task_ExpDrvTask
0xff8bcdc0,get_current_exp
0xff8cb080,task_WBLPFace
0xff8cd168,ReloadWBAdjustment_FW
0xff8cd9c4,task_OBCtrlTask
0xff8cef40,task_DetectMoveTask
0xff8cff30,task_ChaseFrame
0xff8d1758,task_DispFace
0xff8d4874,task_DevelopModule
0xff8d58b8,task_EFChargeT
0xff8d5c10,EF.IsChargeFull_FW
0xff8d5c10,IsStrobeChargeCompleted
0xff8d7dc0,task_AfIntSrvTask
0xff8eeec4,j_GetBaseSv
0xff8ef0c0,ReloadCdsAdjustment_FW
0xff8ef700,E2LatOn_FW
0xff8ef9f8,ActivateImager_FW
0xff8efa84,ActivateImagerXOne_FW
0xff8efb54,QuietImager_FW
0xff8efc24,CancelImager_FW
0xff8efc48,ChangeImagerToWholeParallel_FW
0xff8efc50,ChangeImagerToWholeParallelBP_FW
0xff8efc58,ChangeImagerToWholeParallelBPOne_FW
0xff8efc60,ChangeImagerToCombiParallel_FW
0xff8efc68,ChangeImagerToWideDraft_FW
0xff8efc70,ChangeImagerToFocusJet_FW
0xff8efc78,ChangeImagerToMangoPudding_FW
0xff8efc80,ChangeImagerToSuperWideDraft_FW
0xff8efc88,ChangeImagerToJetDraft_FW
0xff8efc90,ChangeImagerToJumboDraft_FW
0xff8efc98,ChangeImagerToHoneyFlash_FW
0xff8efca0,ChangeImagerToMillefeAdjust_FW
0xff8efca8,ChangeImagerToDigiconMode_FW
0xff8efca8,ChangeImagerToOITA_XAVIER_FW
0xff8efcb0,ChangeImagerToAlternateDraft_FW
0xff8efcb8,ChangeImagerToUltraGhostQ_FW
0xff8efcc0,ChangeImagerToMontblancWhole_FW
0xff8efcc8,ChangeImagerToMontblancMillefe_FW
0xff8efcd0,ChangeImagerToMontblancMovie_FW
0xff8efcd8,ChangeImagerToFastBP_FW
0xff8efce0,ChangeImagerToHarleyDavidson_FW
0xff8efce8,ChangeImagerToMachDashV_FW
0xff8efcf0,ChangeImagerToFantaJungle_FW
0xff8efcf8,ChangeImagerToWideDraftHD_FW
0xff8efd00,ChangeImagerToFocusJetHD_FW
0xff8efd08,ChangeImagerToMangoPuddingHD_FW
0xff8efd10,ChangeImagerToHoneyFlashHD_FW
0xff8efd1c,CancelImageDrive_FW
0xff8efd3c,j_E2LatOn_FW
0xff8f0c54,task_SsgMainTask
0xff8f0e58,task_SsgPeriodTask
0xff8f4764,task_TgTask
0xff8faadc,task_LiveImageTask
0xff8fc7d0,task_PrcssFil
0xff8fda28,task_SyncPeriod
0xff8fdab0,task_SynchTask
0xff8ff6a8,get_ptp_buf_size
0xff8ffca4,task_TimerUtility
0xff90074c,handle_PTP_OC_0x9805
0xff900d40,handle_PTP_OC_0x9804
0xff900e64,handle_PTP_OC_0x9803
0xff9010d8,handle_PTP_OC_0x9802
0xff90150c,handle_PTP_OC_0x9801
0xff902a80,handle_PTP_OC_ResetDevicePropValue
0xff902cd4,handle_PTP_OC_SetDevicePropValue
0xff902e54,handle_PTP_OC_GetDevicePropValue
0xff902f74,handle_PTP_OC_GetDevicePropDesc
0xff903a14,handle_PTP_OC_CANON_CheckEvent
0xff904580,task_PTPSessionTASK
0xff904c18,handle_PTP_OC_CloseSession
0xff904ccc,handle_PTP_OC_OpenSession
0xff9053ec,handle_PTP_OC_CANON_SetCustomizeData
0xff90550c,handle_PTP_OC_CANON_GetCustomizeData
0xff90564c,handle_PTP_OC_CANON_GetCustomizeItemInfo
0xff905718,handle_PTP_OC_CANON_GetCustomizeSpec
0xff908abc,task_NormalThumbCache
0xff909178,handle_PTP_OC_GetStorageIDs
0xff909270,handle_PTP_OC_GetStorageInfo
0xff90996c,handle_PTP_OC_GetObject
0xff909b84,handle_PTP_OC_GetThumb
0xff909c54,handle_PTP_OC_GetPartialObject
0xff909d7c,handle_PTP_OC_SetObjectProtection
0xff909e20,handle_PTP_OC_GetObjectInfo
0xff909f00,handle_PTP_OC_CANON_GetPartialObjectInfo
0xff90a158,handle_PTP_OC_CANON_GetPartialObjectEx
0xff90a458,handle_PTP_OC_CANON_GetObjectAttributes
0xff90a4f4,handle_PTP_OC_CANON_SetObjectArchive
0xff90a588,handle_PTP_OC_CANON_SendObjectInfoByPath
0xff90a588,handle_PTP_OC_SendObjectInfo
0xff90a914,handle_PTP_OC_0x904c
0xff90ac1c,handle_PTP_OC_CANON_GetObjectHandleByName
0xff90ad58,handle_PTP_OC_CANON_SetObjectTime
0xff90add0,handle_PTP_OC_DeleteObject
0xff90af30,handle_PTP_OC_FormatStore
0xff90b01c,handle_PTP_OC_0x9038
0xff90b108,handle_PTP_OC_0x9039
0xff90b1fc,handle_PTP_OC_0x903a
0xff90b2b8,handle_PTP_OC_0x903b
0xff90b2f8,handle_PTP_OC_0x904b
0xff90b43c,handle_PTP_OC_GetNumObjects
0xff90b52c,handle_PTP_OC_GetObjectHandles
0xff90b784,handle_PTP_OC_CANON_GetObjectInfoEx
0xff90ba64,handle_PTP_OC_CANON_SendObjectByPath
0xff90ba64,handle_PTP_OC_SendObject
0xff90bca0,handle_PTP_OC_CANON_SendPartialObject
0xff90be90,handle_PTP_OC_0x9060
0xff90bf34,handle_PTP_OC_0x9062
0xff90c894,task_TrnsCtrlTask
0xff912618,LcdCon_SetLcdBackLightBrightness_FW
0xff912644,LcdCon_SetLcdBackLightParameter_FW
0xff912698,LcdCon_GetLcdBackLightParameter_FW
0xff9126dc,LcdCon_ShowLcdBackLightParameter_FW
0xff91271c,LcdCon_SaveLcdBackLightParameter_FW
0xff912930,LcdCon_SetLcdDriver_FW
0xff91297c,LcdCon_SetLcdAdjParameter_FW
0xff912a18,LcdCon_GetLcdAdjParameter_FW
0xff912a60,LcdCon_ShowLcdAdjParameter_FW
0xff912aa0,LcdCon_SaveLcdAdjParameter_FW
0xff912abc,LcdCon_SetLcdParameter_FW
0xff912c24,LcdCon_GetLcdParameter_FW
0xff912c6c,LcdCon_ShowLcdParameter_FW
0xff912cac,LcdCon_SaveLcdParameter_FW
0xff912d18,task_LcdConTask
0xff912e08,LcdCon_StartLcdPeriodicalSetting_FW
0xff912e3c,LcdCon_StopLcdPeriodicalSetting_FW
0xff9150e8,GetLatestHVPosition_FW
0xff915294,EngApp.Delete_FW
0xff9152c0,EngApp.Create_FW
0xff9178c0,task_MotionVector
0xff91a8bc,task_SceneDetectTask
0xff91b434,task_ChaseTask
0xff91b590,task_MainTargetTask
0xff91b760,Scene.ForbidContiSceneDetect_FW
0xff91b78c,Scene.TestSunset_FW
0xff91d218,task_AutoShutterMan
0xff933964,task_Fencing
0xff9367f0,PrintAllAEIntegData_FW
0xff93707c,AbortAEIntegralValue_FW
0xff9370cc,SetAEIntegStrobeProperty_FW
0xff937154,SetAEIntegCorrectProperty_FW
0xff9371b0,SetAEIntegralValueProperty_FW
0xff9371f0,SetAEIntegralGetaTime_FW
0xff9375b8,GetAEIntegralServiceMode_FW
0xff9375c4,GetAEIntegWinData_FW
0xff9375d4,j_GetAEIntegWinData_FW
0xff9375d8,GetAEIntegWinDataWithMode_FW
0xff9376c4,GetAEIntegralValueWithFix_FW
0xff9377e8,GetAllAEIntegralAllValueWithFix_FW
0xff9378b8,GetOnlyAEIntegData_FW
0xff937928,SetWhiteCoefficient_FW
0xff9379a0,SetAEIntegWindowsMode_FW
0xff9379f4,SetAEIntegValueBit_FW
0xff937a10,GetAEIntegValueBit_FW
0xff937a1c,StopAEIntegralService_FW
0xff937d44,StartAEIntegralService_FW
0xff937d50,SetLineDefMarkThroughMode_FW
0xff937d7c,SetAEIntegAverageOBData_FW
0xff937d84,SetAdjAEIntegSmearLimitter_FW
0xff937d94,SetDefaultAEIntegSmearLimitter_FW
0xff937e20,AttachIntegCrawData_FW
0xff938374,LoadParamDataFromAdjTableBin_FW
0xff938474,LoadDataFromAdjTableBin_FW
0xff938560,DeviceUniqueIDCheckSum_FW
0xff9387b8,PrintFirmVersion_FW
0xff9387ec,PrintFaexeVersioin_FW
0xff9387fc,CreateFADBGSingalID_FW
0xff93880c,FADBGSingal_FW
0xff9388ac,FADBGPrintf_FW
0xff938a2c,FAPrintf_FW
0xff938a7c,OutputLogToFile_FW
0xff938b88,StopLogOut_FW
0xff938ea8,GetLogData_FW
0xff938eb0,GetLogDataOnlyAddMemory_FW
0xff938eb8,ActivateAdjLog_FW
0xff938ecc,InactivateAdjLog_FW
0xff938ee0,StartLogOut_FW
0xff938ef8,IsLogOutType_FW
0xff938f04,GetCurrentMaximumLogSize_FW
0xff93ad88,SetDefaultRecParameter_FW
0xff93af88,EnableDebugLogMode_FW
0xff93af9c,DisableDebugLogMode_FW
0xff93cfb0,task_dccdCalcTask
0xff93ed28,GetImageFolder
0xff940c1c,task_MetaCtg
0xff946388,task_DPOFTask
0xff94a758,task_FileManMarkAllTask
0xff94ec14,WriteSDCard
0xff954f48,task_ImgTrim
0xff95720c,task_RedEyePly
0xff95d474,StartCzTuning_FW
0xff95d47c,MoveCzPeakPositon_FW
0xff95d484,CzDebugPrint_FW
0xff95d48c,CzDebugPrintToFile_FW
0xff95e278,GetFocusLensPullInMaxSpeed_FW
0xff95e598,GetCurrentTargetDistance_FW
0xff95e598,GetFocusLensSubjectDistance
0xff95e600,GetCurrentFocusLensPosition_FW
0xff95e600,GetCurrentFocusPosition_FW
0xff95e9f8,GetFocusLensSubjectDistanceFromLens
0xff95ea50,IsFocusLensOutSidePosition_FW
0xff95ea74,GetFocusResetPosition_FW
0xff95eae0,GetFocusDefaultResetPosition_FW
0xff95eb4c,ReloadFocusLensAdjustment_FW
0xff95f4d4,GetCurrentAvValue
0xff95f4d4,GetCurrentAvValue_FW
0xff95f4d4,GetIrisAv_FW
0xff95f57c,GetUsableAvRange
0xff95f6bc,ReloadIrisAdjustment_FW
0xff95f6d0,ReloadGetaAdjustment_FW
0xff95f740,GetLensErrorStatus_FW
0xff95fc70,GetZoomPiSensorLevel_FW
0xff95fcb8,GetFocusPiSensorLevel_FW
0xff96030c,GetMechaShutterMoveTime_FW
0xff960334,GetMechaShutterStatus_FW
0xff960484,ReloadNdFilterAdjustment_FW
0xff960890,GetCurrentZoomLensPosition_FW
0xff960890,GetCurrentZoomPosition_FW
0xff960890,GetZoomLensCurrentPosition_FW
0xff9608b8,GetCurrentZoomLensPoint_FW
0xff9608b8,GetCurrentZoomPoint_FW
0xff9608b8,GetZoomLensCurrentPoint
0xff9608b8,GetZoomLensCurrentPoint_FW
0xff960ca0,GetZoomLensTelePoint_FW
0xff960ca0,GetZoomTelePoint_FW
0xff961044,IsZoomLensOutSidePosition_FW
0xff961124,ReloadZoomAdjustment_FW
0xff961330,GetZoomLensMechaEdgePosition_FW
0xff961334,GetZoomDrivingTime_FW
0xff9614b8,task_TmgGen
0xff9645bc,task_MovieRecord
0xff965108,MechaUnRegisterEventProcedure_FW
0xff965144,Mecha.Create_FW
0xff96519c,MechaReset_FW
0xff9651a8,MechaTerminate_FW
0xff9651b4,ShowMechaMacro_FW
0xff9652b0,DispDev_EnableEventProc_FW
0xff9652f4,SetSDPwrPort_FW
0xff965320,j_GetAdVBattBottom_FW
0xff965324,j_GetAdChValue_FW
0xff965328,j_BeepDrive_FW
0xff96532c,j_BeepDriveComp_FW
0xff965330,j_VbattGet_FW
0xff965334,j_LEDDrive_FW
0xff965338,ShowPhySwStatus_FW
0xff965348,SetRawSWCheckMode_FW
0xff965358,OnPrintPhySw_FW
0xff965368,OffPrintPhySw_FW
0xff965378,j_GetSwitchStatus_FW
0xff96537c,ShowSDStatus_FW
0xff96538c,j_GetSDDetect_FW
0xff965390,j_GetSDProtect_FW
0xff965394,SetIgnoreAVJACK_FW
0xff9653a4,j_GetDialEventId_FW
0xff9653a8,j_GetLcdPosition_FW
0xff9653ac,j_GetBatteryCoverClose_FW
0xff9653b0,j_IsHvSensorExist_FW
0xff9653b4,Driver.Create_FW
0xff9653b4,Driver_EnableEventProc_FW
0xff9656b4,GetDateAndTime_FW
0xff965758,j_Printf_FW
0xff96575c,j_MonSelEvent_FW
0xff965760,j_MemoryChecker_FW
0xff965764,j_VerifyByte_FW
0xff965768,EraseSignature_FW
0xff965778,j_SDump_FW
0xff96577c,Dump_FW
0xff96578c,Dump32_FW
0xff9657a0,Poke32_FW
0xff9657b0,Poke16_FW
0xff9657c0,Poke8_FW
0xff9657d0,j_Peek32_FW
0xff9657d4,j_Peek16_FW
0xff9657d8,j_Peek8_FW
0xff9657dc,Wait_FW
0xff9657ec,j_exec_FW
0xff9657f0,ShowAllTaskInfo_FW
0xff965800,System.Delete_FW
0xff965ee0,System.Create_FW
0xff966194,UIFS_IsAvailableMovieRecOptZoom_FW
0xff96619c,UIFS_IsAvailableMovieRecDigZoom_FW
0xff9661a4,UIFS_IsAvailableServoAF_FW
0xff9661ac,UIFS_IsAvailableRecMenuAFMode_FW
0xff9661b4,UIFS_IsAutoPopupDownStrobe_FW
0xff9661bc,UIFS_IsAvailableAvTvMode_FW
0xff96634c,UIFS_SetDialStillRec_FW
0xff96636c,UIFS_SetCaptureModeToP_FW
0xff9663ac,UIFS_SetDialMovieRec_FW
0xff9663ec,UIFS_SetDialPlay_FW
0xff96640c,UIFS_OpenPopupStrobe_FW
0xff96643c,UIFS_ClosePopupStrobe_FW
0xff96646c,UIFS_MountExtFlash_FW
0xff96649c,UIFS_UnmountExtFlash_FW
0xff9664cc,UIFS_ConnectVideo_FW
0xff9664fc,UIFS_DisconnectVideo_FW
0xff96652c,j_UIFS_MoveZoomTo_FW
0xff966530,UIFS_StopPostingUIEvent_FW
0xff966534,UIFS_RestartPostingUIEvent_FW
0xff966538,UIFS_PostModeDial_FW
0xff966560,j_UIFS_Capture_FW
0xff966564,j_UIFS_CaptureNoneStop_FW
0xff966568,j_UIFS_StartMovieRecord_FW
0xff96656c,j_UIFS_StopMovieRecord_FW
0xff966570,UIFS_StartClockMode_FW
0xff966580,UIFS_EndClockMode_FW
0xff966590,UIFS_SetCradleSetting_FW
0xff966594,j_UIFS_WriteFirmInfoToFile_FW
0xff966598,UIFS_GetMovieRecoadableNumber_FW
0xff9665e0,UIFS_GetStillShotableNumber_FW
0xff966628,UIFS_ChangeShootState_FW
0xff96664c,UIFS_ShootSeqToUI_FW
0xff966670,UIFS_GetLastPath_FW
0xff9666a8,UIFS_GetAvItemCount_FW
0xff966718,UIFS_GetTvItemCount_FW
0xff966874,UIFS_GetAvItem_FW
0xff9668ac,UIFS_GetTvItem_FW
0xff9668e4,UIFS_GetCurrentAvString_FW
0xff966964,UIFS_GetCurrentTvString_FW
0xff9669e8,j_UIFS_IsAvailableShots_FW
0xff9669ec,j_UIFS_GetNumberOfDisplayedImage_FW
0xff9669f0,j_UIFS_PlayTrimExecuteAllImageSize_FW
0xff9669f4,UI.CreatePublic_FW
0xff9674a8,UI_ShowStateOfRecMode_FW
0xff9674bc,UI.Create_FW
0xff9674bc,UI_RegistDebugEventProc_FW
0xff9675bc,InitializeAdjustmentSystem_FW
0xff9675f4,TerminateAdjustmentSystem_FW
0xff96762c,InitializeAdjustmentFunction_FW
0xff967654,FA.Delete_FW
0xff967668,FA.Create_FW
0xff96768c,DispDev.Create_FW
0xff967708,Capture.Create_FW
0xff96774c,EngineDriver.Create_FW
0xff969150,task_ShutterSoundTask
0xff969ecc,task_CreateHeaderTask
0xff96b99c,NR_SetDarkSubType
0xff96b99c,NR_SetDarkSubType_FW
0xff96ba48,NR_SetDefectCorrectType_FW
0xff96ba74,NR_GetDarkSubType
0xff96ba74,NR_GetDarkSubType_FW
0xff96bab4,NR_SetTassenType_FW
0xff96bad4,NR_GetDefectCorrectType_FW
0xff96bb14,NR_SetLotasPonyType_FW
0xff96bb28,NR_SetDoubleNRType_FW
0xff96d890,GetLogToFile_FW
0xff96d8b8,IsRomLogAvailable_FW
0xff96d8cc,EraseLogSector_FW
0xff96dec8,HwOcReadICAPCounter
0xff9726e8,AdditionAgentRAM_FW
0xff97fdac,UIFS_WriteFirmInfoToFile
0xff97fdac,UIFS_WriteFirmInfoToFile_FW
0xff983834,FmtMenu_ExecuteQuickFormat_FW
0xff98db04,PTM_AllReset_FW
0xff98de64,PTM_GetWorkingCaptureMode_FW
0xff98de7c,PTM_SetCurrentItem
0xff98de7c,PTM_SetCurrentItem_FW
0xff98e194,PTM_NextItem
0xff98e194,PTM_NextItem_FW
0xff98e19c,PTM_PrevItem
0xff98e19c,PTM_PrevItem_FW
0xff98e498,PTM_SetPropertyEnable
0xff98e498,PTM_SetProprietyEnable_FW
0xff98e6e0,PTM_IsEnableItem_FW
0xff98e7ac,PTM_BackupUIProperty_FW
0xff98e7ac,SetParameterData
0xff98e83c,GetParameterData
0xff98eb68,ExecuteResetFactoryWithRomWrite_FW
0xff98eb80,ExecuteResetFactory_FW
0xff98eb98,j_ExecuteShutDownPropertyService_FW
0xff996f84,UIFS_Capture_FW
0xff997058,UIFS_CaptureNoneStop_FW
0xff997d88,UnsetZoomForMovie
0xff998380,UIFS_MoveZoomTo_FW
0xff9cdba0,UIFS_GetNumberOfDisplayedImage_FW
0xff9fd8dc,CreateDialogBox
0xff9fe31c,DisplayDialogBox
0xff9ffdf4,add_ui_to_dialog
0xffa004f4,get_string_by_id
0xffa04df0,memset
0xffa04df0,memset_FW
0xffa04e6c,realloc
0xffa04f24,srand
0xffa04f30,rand
0xffa04f60,sscanf_FW
0xffa05df0,apex2us
0xffa2541c,PointDefDetect_FW
0xffa25608,MergeAndConvertDefect_FW
0xffa2595c,PointKizuCheck_FW
0xffa259b8,SensDefCrowdCheck_FW
0xffa259ec,ChangeGradeTable_FW
0xffa25a00,CrossDefDetect_FW
0xffa25b1c,ChangeCrossThresholdTable_FW
0xffa25b30,LineDefDetect_FW
0xffa25c48,LineKizuCheck_FW
0xffa25c80,GetDefectCrawInfo_FW
0xffa25ce4,GetDefectTvAdj_FW
0xffa25dfc,SetDefectRecParam_FW
0xffa25f38,ChangeDefectRecParam_FW
0xffa25f48,ExecuteDefectRec_FW
0xffa25f5c,ExecuteDefectRecAndSaveImage_FW
0xffa25fa8,j_InitializeDefectRec_FW
0xffa25fac,j_TerminateDefectRec_FW
0xffa26034,DevelopTool.DevelopTest_FW
0xffa2dee0,ReloadEfAdjustment_FW
0xffa2e858,task_CntFlashTask
0xffa30374,EF.StartEFCharge_FW
0xffa303c0,EF.StopEFCharge_FW
0xffa303d0,EF.SetEFChargeTimeOut_FW
0xffa303e4,EF.StartInternalPreFlash_FW
0xffa30418,EF.StartInternalMainFlash_FW
0xffa3049c,EF.SetMainFlashTime_FW
0xffa304b0,j_EF.IsChargeFull_FW
0xffa304b4,EF.AdjPreFlash_FW
0xffa304f0,EF.SetChargeMode_FW
0xffa30504,EF.SetFlashTime_FW
0xffa334e0,AFTool.GetEVal_FW
0xffa35f80,GetBaseSv
0xffa3902c,LiveImageTool.StartEVF_FW
0xffa39038,LiveImageTool.StartEVFFocusJet_FW
0xffa39044,LiveImageTool.StartEVFMF_FW
0xffa39150,LiveImageTool.StartEVFMovVGA_FW
0xffa39164,LiveImageTool.StartEVFMovQVGA_FW
0xffa39188,LiveImageTool.StartEVFMovHD_FW
0xffa391a4,LiveImageTool.StartEVFMovQVGA60_FW
0xffa391b8,LiveImageTool.StartEVFMovQQVGA_FW
0xffa391cc,LiveImageTool.StartEVFMovXGA_FW
0xffa39208,LiveImageTool.StopEVF_FW
0xffa39218,LiveImageTool.DzoomTele_FW
0xffa39238,LiveImageTool.DzoomWide_FW
0xffa39258,LiveImageTool.StopDzoom_FW
0xffa39268,LiveImageTool.Pause_FW
0xffa39278,LiveImageTool.Resume_FW
0xffa39288,LiveImageTool.ChangeDzoom_FW
0xffa392f8,j_LiveImageTool.GetDzoomPosition_FW
0xffa392fc,LiveImageTool.Jump_FW
0xffa39310,LiveImageTool.Dister_FW
0xffa3c1b0,ReloadColorAdjustment_FW
0xffa3f5d4,handle_PTP_OC_0x9051
0xffa3f5d4,handle_PTP_OC_0x905d
0xffa3f6d8,handle_PTP_OC_0x905b
0xffa3f858,handle_PTP_OC_0x905a
0xffa3f9b0,handle_PTP_OC_0x9059
0xffa3fae4,handle_PTP_OC_0x9058
0xffa3fd20,handle_PTP_OC_0x9057
0xffa3fe54,handle_PTP_OC_0x9053
0xffa40718,handle_PTP_OC_0x9052
0xffa407b4,handle_PTP_OC_0x9050
0xffa407b4,handle_PTP_OC_0x905c
0xffa408e0,task_PTPtoFAPI_EventProcTask
0xffa41320,add_ptp_handler
0xffa41dac,handle_PTP_OC_CANON_ChangeUSBProtocol
0xffa42ea0,get_ptp_file_buf
0xffa63c3c,EngDrvOut_FW
0xffa63c58,EngDrvIn_FW
0xffa63c60,EngDrvRead_FW
0xffa63c68,EngDrvBits_FW
0xffa63c8c,EngDrvReadDump_FW
0xffa6ca24,GetCurrentAdjImgDriveType_FW
0xffa6ca30,GetCurrentImgDrvMode_FW
0xffa6ca50,ConvertAEIntegDrvTypeToAdjImgDriveType_FW
0xffa6ca9c,ConvertAdjImgDrvModeToAdjImgDriveType_FW
0xffa6cb04,ChangeAdjImgDrvMode_FW
0xffa6cb30,ChangeAEIntegDrvTypeToAdjImgDriveType_FW
0xffa6cb7c,GetCurrentCcdTemp_FW
0xffa6cb98,GetCurrentOptTemp_FW
0xffa6cbc4,GetCameraInformationData_FW
0xffa6cc00,j_GetCameraInformationData_FW
0xffa6cc4c,SetFaexeEventTableActivation_FW
0xffa6d070,ShowTransparentMemory_FW
0xffa6d090,DumpTransparentMemoryItem_FW
0xffa6d0d0,AddTransparentMemory_FW
0xffa6d108,AttachToTransparentMemory_FW
0xffa6d140,RemoveTransparentMemory_FW
0xffa6d160,GetTransparentMemorySize_FW
0xffa6d170,GetTransparentMemory_FW
0xffa6d1b4,GetTransparentMemoryPosition_FW
0xffa6d710,StartSoundRecord_FW
0xffa6d748,StartSoundPlay_FW
0xffa6d780,InitializeSoundRec_FW
0xffa6d7d0,TerminateSoundRec_FW
0xffa75b28,getImageDirName
0xffa7a8d4,task_MetaCtgPrsTask
0xffa7bd8c,task_MetaInspiTask
0xffa88340,task_FileScheduleTask
0xffa892f0,task_FileWrite
0xffa892f0,task_FileWriteTask
0xffa8a830,task_FORMAT_TASK_PROGRESS
0xffa8aa10,task_FORMAT_TASK_NAME
0xffa8b29c,closedir
0xffa8b2ec,OpenFastDir
0xffa8b440,ReadFastDir
0xffa8d250,task_FilYuvMaker
0xffa8e038,task_DecJpgRd
0xffa908dc,reboot_fw_update
0xffa95504,task_ImgDLight
0xffa96fc8,task_FocusEvent
0xffa99190,GetFocusLensResetPosition_FW
0xffa991a0,GetFocusLensResetDefaultPosition_FW
0xffa999bc,SetFocusResetState_FW
0xffa999c0,GetFocusLensCurrentPosition_FW
0xffa999ec,GetFocusLensDriveVoltage_FW
0xffa99a78,GetFocusLensSettingWaitVoltage_FW
0xffa99ac4,GetFocusLensHoldVoltage_FW
0xffa9a978,task_MechaShutter
0xffa9b420,task_Nd
0xffa9b81c,get_current_nd_value
0xffa9b87c,get_nd_value
0xffa9b99c,GetNdMoveTime_FW
0xffa9bb64,task_ZoomActuatorSpeedCheck
0xffa9bd04,task_ZoomEvent
0xffa9c684,IsZoomActuatorResetSensorPlusSide_FW
0xffa9cde4,MoveZoomActuator_FW
0xffa9ce24,SetZoomActuatorSpeedPPS_FW
0xffa9ce40,GetZoomActuatorSpeedPPS_FW
0xffa9ce4c,j_GetZoomActuatorCurrentPosition_FW
0xffa9ce50,j_IsZoomActuatorResetSensorPlusSide_FW
0xffa9ce6c,GetZoomActuatorCurrentPosition_FW
0xffa9dd6c,GetZoomLensCurrentPosition
0xffa9f400,GetZoomResetSensorLevel_FW
0xffa9f40c,ClearZoomDriveParam_FW
0xffa9f54c,SetZoomResetState_FW
0xffaa1244,task_MovRead
0xffaa31dc,task_MovPlay
0xffaa64d0,task_MovWrite
0xffaaa4b4,task_MovEdit
0xffaab694,task_AviRead
0xffaacc44,MoveCZToPoint_FW
0xffaacc7c,MoveCZToWide_FW
0xffaaccac,MoveCZToTele_FW
0xffaaccdc,MoveCZToPointByOVF_FW
0xffaacd0c,StopCZ_FW
0xffaacd38,GetCZStillHighSpeed_FW
0xffaacd40,GetCZStillLowSpeed_FW
0xffaacd48,GetCZMovieHighSpeed_FW
0xffaacd50,GetCZMovieLowSpeed_FW
0xffaacd58,GetCZStillDefaultSpeed_FW
0xffaacd60,GetCZMovieDefaultSpeed_FW
0xffaace40,ResetFocusLens
0xffaace40,ResetFocusLens_FW
0xffaace9c,EscapeFocusLens_FW
0xffaacf14,MoveFocusLensToTerminate_FW
0xffaacf70,MoveFocusLensWithDistance_FW
0xffaad078,MoveFocusLensWithPosition_FW
0xffaad184,MoveFocusLensWithPositionWithoutBacklash_FW
0xffaad290,MoveFocusActuator_FW
0xffaad390,SetFocusLensSpeed_FW
0xffaad40c,SetFocusLensSpeedTable_FW
0xffaad4c0,SetFocusLensAccelerationTable_FW
0xffaad5c0,SetFocusLensSlowdownTable_FW
0xffaad634,SetFocusLensDefaultPullOutTable_FW
0xffaad648,SetFocusLensCondition_FW
0xffaad738,ShowFocusLensCurrentSpeedTable_FW
0xffaad79c,SetFocusLensMaxSpeedLimit_FW
0xffaad7ac,CancelFocusLensMaxSpeedLimit_FW
0xffaad7bc,EnableFocusLens_FW
0xffaad808,DisableFocusLens_FW
0xffaad854,EnableFocusLensGainLockWithVoltage_FW
0xffaad880,DisableFocusLensGainLock_FW
0xffaad890,EnableFocusLensWaveLock_FW
0xffaad8ac,DisableFocusLensWaveLock_FW
0xffaad8bc,j_GetFocusLensCurrentPosition_FW
0xffaad8c0,j_GetFocusLensResetPosition_FW
0xffaad8c4,j_GetFocusLensResetDefaultPosition_FW
0xffaad8c8,GetFocusLensSubjectDistance_FW
0xffaad8e4,GetFocusLensSubjectDistanceNumber_FW
0xffaad8ec,GetFocusLensPositionRatio_FW
0xffaad8f4,GetFocusLensLoadSubjectDistance_FW
0xffaad914,ChangeFocusDistanceToPosition_FW
0xffaad970,GetFocusLensLoadCamTable_FW
0xffaad99c,j_GetFocusLensDriveVoltage_FW
0xffaad9a0,SetFocusLensDriveVoltage_FW
0xffaad9d8,j_GetFocusLensSettingWaitVoltage_FW
0xffaad9dc,SetFocusLensSettingWaitVoltage_FW
0xffaada14,j_GetFocusLensHoldVoltage_FW
0xffaada18,SetFocusLensHoldVoltage_FW
0xffaada50,j_GetFocusLensResetVoltage_FW
0xffaada54,GetFocusLensMoveMaxPosition_FW
0xffaada6c,GetFocusLensMoveMinPosition_FW
0xffaada84,j_GetFocusLensPullInMaxSpeed_FW
0xffaada88,GetFocusLensMoveRangeOfTelePoint_FW
0xffaadb3c,ResetIris_FW
0xffaadb60,MoveIrisToTerminatePosition_FW
0xffaadb68,MoveIrisWithAv
0xffaadb68,MoveIrisWithAv_FW
0xffaadb90,MoveIrisWithAvWithoutBacklash_FW
0xffaadbb8,j_GetIrisAv_FW
0xffaadbbc,ChangeIrisSpeed_FW
0xffaadc38,MoveLensToFirstPoint_FW
0xffaadc80,MoveLensToTerminatePoint_FW
0xffaadcb8,j_IsLensOutside_FW
0xffaadcbc,j_GetLensErrorStatus_FW
0xffaadcc0,j_GetFocusStartZoomPosition_FW
0xffaadcc4,EnableLensError_FW
0xffaadccc,DisableLensError_FW
0xffaadcd4,SetLensOutsideFlag_FW
0xffaadd08,WriteMechaLogToRom_FW
0xffaadd10,WriteMechaLogToFile_FW
0xffaadd2c,EnableMechaCircuit_FW
0xffaadd3c,DisableMechaCircuit_FW
0xffaadd4c,EnableFocusPiCircuit_FW
0xffaadd5c,DisableFocusPiCircuit_FW
0xffaadd6c,j_GetFocusPiSensorLevel_FW
0xffaadd70,EnableZoomPiCircuit_FW
0xffaadd80,DisableZoomPiCircuit_FW
0xffaadd90,j_GetZoomPiSensorLevel_FW
0xffaadd94,EnableZoomEncoderCircuit_FW
0xffaadda4,DisableZoomEncoderCircuit_FW
0xffaaddb4,SendMechaCircuitData_FW
0xffaaddd8,ReceiveMechaCircuitDataAll_FW
0xffaade8c,CloseMechaShutter_FW
0xffaadeb0,OpenMechaShutter_FW
0xffaaded4,CloseMechaShutterWithTiming_FW
0xffaadf0c,SetMechaShutterCloseDacSetting_FW
0xffaadf28,GetMechaShutterCloseDacSetting_FW
0xffaadf5c,SetMechaShutterOpenDacSetting_FW
0xffaadf78,GetMechaShutterOpenDacSetting_FW
0xffaadfac,SetMechaShutterWaitTimeSetting_FW
0xffaadfc0,j_GetMechaShutterStatus_FW
0xffaadfc4,j_GetMechaShutterMoveTime_FW
0xffaadfc8,SetMechaShutterMoveTime_FW
0xffaae058,PutInNdFilter
0xffaae058,TurnOnNdFilter_FW
0xffaae07c,PutOutNdFilter
0xffaae07c,TurnOffNdFilter_FW
0xffaae0a0,j_GetNdMoveTime_FW
0xffaae0a4,SetNdMoveTime_FW
0xffaae0b8,SetNdDacSetting_FW
0xffaae0e0,EnableZoomLensEncoderPowerControl_FW
0xffaae0f0,DisableZoomLensEncoderPowerControl_FW
0xffaae164,ResetZoomLens
0xffaae164,ResetZoomLens_FW
0xffaae190,ResetZoomLensToFirst_FW
0xffaae1d0,ResetZoomLensToTermiante_FW
0xffaae210,MoveZoomLensWithPoint
0xffaae210,MoveZoomLensWithPoint_FW
0xffaae254,MoveZoomLensWithPosition_FW
0xffaae298,MoveZoomLensToTerminatePosition_FW
0xffaae2d8,MoveZoomLensToMechaEdge_FW
0xffaae340,SetZoomLensSpeedMode_FW
0xffaae388,GetZoomLensDriveAmpereDac_FW
0xffaae390,SetZoomLensDriveAmpereDac_FW
0xffaae3a8,EnableZoomLensSpeedControl_FW
0xffaae3bc,DisableZoomLensSpeedControl_FW
0xffaae3d0,EnableZoomLensElectricControl_FW
0xffaae3e4,DisableZoomLensElectricControl_FW
0xffaae3f8,j_GetZoomLensCurrentPoint_FW
0xffaae3fc,j_GetZoomLensCurrentPosition_FW
0xffaae400,j_GetZoomLensTelePoint_FW
0xffaae404,j_GetZoomLensMechaEdgePosition_FW
0xffaae408,ChangeZoomLensPointToMagnification_FW
0xffaae410,ChangeZoomLensMagnificationToPoint_FW
0xffaafff8,MemoryChecker_FW
0xffab0078,VerifyByte_FW
0xffab0258,SDump_FW
0xffab0478,FreeMemory
0xffab0478,FreeMemory_FW
0xffab0480,AllocateMemory
0xffab0480,AllocateMemory_FW
0xffab04a0,Peek32_FW
0xffab04a8,Peek16_FW
0xffab04b0,Peek8_FW
0xffab04d8,GetSystemTime
0xffab04d8,GetSystemTime_FW
0xffab04ec,exec_FW
0xffab055c,MonSelEvent_FW
0xffab0a30,MakeBootDisk_FW
0xffab0a44,MakeScriptDisk_FW
0xffac79f8,task_ReadMultiConTask
0xffacdc34,UIFS_PlayTrimExecuteAllImageSize_FW
0xffad7c68,LCDMsg_Move_FW
0xffad7ca8,LCDMsg_Delete_FW
0xffad7fb4,LCDMsg_Create_FW
0xffad8048,LCDMsg_SwDisp_FW
0xffad8098,LCDMsg_SetNum_FW
0xffad80a8,LCDMsg_SetStr_FW
0xffad8170,LCDMsg_ChangeColor_FW
0xffaf6c54,qsort
0xffafc3c4,InitializeDefectRec_FW
0xffafc430,TerminateDefectRec_FW
0xffb093fc,Bat_Calc_FW
0xffb093fc,CalculateBatSenseOffset_FW
0xffb12128,GetCdsGainValue_FW
0xffb12150,SetDeltaCDSGain_FW
0xffb12194,j_ReloadCdsAdjustment_FW
0xffb12198,GetObClampValue_FW
0xffb121dc,SetObClamp_FW
0xffb121dc,SetObClampValue_FW
0xffb121e4,SetCDSGain_FW
0xffb121e4,SetCdsGainValue_FW
0xffb12210,SetCdsPreGain_FW
0xffb12218,GetCdsPreGain_FW
0xffb12240,j_GetCdsPreGain_FW
0xffb12268,SetCdsPreGainReg_FW
0xffb12270,GetCdsPreGainReg_FW
0xffb12298,j_GetCdsPreGainReg_FW
0xffb122bc,SetCDSGainStep_FW
0xffb122d4,SetAdjCdsMode_FW
0xffb122ec,CancelAdjCdsMode_FW
0xffb123d0,IsAdjCdsMode_FW
0xffb12414,StopCaptureDrive_FW
0xffb12448,j_CancelImageDrive_FW
0xffb1255c,StartCaptureDrive_FW
0xffb12564,CaptureWithParam_FW
0xffb12578,ChangeImageDrive_FW
0xffb12580,GetCrwImageInfo_FW
0xffb126d4,ConvertTvToExposureTime_FW
0xffb126f4,j_GetCurrentExposureTime_FW
0xffb126fc,j_GetCurrentShutterSpeed_FW
0xffb12728,SetShutterSpeedWithMecha_FW
0xffb12778,SetShutterSpeed_FW
0xffb127c4,GetUserSetShutterSPeed_FW
0xffb127d4,GetShutterSpeedRegularMaxLimit_FW
0xffb127ec,GetShutterSpeedRegularMinLimit_FW
0xffb12828,GetFrameRateWithApex_FW
0xffb128b4,MoveIrisToAv_FW
0xffb12900,j_ReloadIrisAdjustment_FW
0xffb12904,j_ReloadGetaAdjustment_FW
0xffb12908,j_GetCurrentAvValue_FW
0xffb129c0,MoveIrisFullOpen_FW
0xffb129f4,MoveIrisFullClose_FW
0xffb12a68,j_ReloadNdFilterAdjustment_FW
0xffb12a80,PutInNdFilter_FW
0xffb12ab8,PutOutNdFilter_FW
0xffb12b40,CloseMShutter_FW
0xffb12b78,OpenMShutter_FW
0xffb13494,CalculatePeakFromLeastSquareResult_FW
0xffb134cc,CalculateLog2ToApex_FW
0xffb134e0,CalculatePow2FromApex_FW
0xffb134f0,CalcLog10
0xffb1352c,CalcLog10_FW
0xffb13554,ConvertApexToApexStd_FW
0xffb13584,ConvertApexStdToApex_FW
0xffb1361c,CalcSqrt_FW
0xffb13648,SetOneShotWBParam_FW
0xffb13648,SetOneTypeWBParam_FW
0xffb136c8,OneShotWhigeBalance_FW
0xffb136c8,OneTypeWhiteBalance_FW
0xffb13718,SetWBYlStandardWidth_FW
0xffb13754,SetReferenceWBGainForCalibration_FW
0xffb13780,SetToolCorrectCoefficient_FW
0xffb137f8,j_ReloadWBAdjustment_FW
0xffb13b18,ConvertCxCyToWBGain_FW
0xffb13c80,GetZoomLensResetPlus_FW
0xffb13e34,j_GetCurrentZoomLensPosition_FW
0xffb13e34,j_GetCurrentZoomPosition_FW
0xffb13e38,j_GetCurrentZoomLensPoint_FW
0xffb13e38,j_GetCurrentZoomPoint_FW
0xffb13e3c,GetCurrentZoomLensDirection_FW
0xffb13e58,j_ReloadZoomAdjustment_FW
0xffb13fb8,j_GetZoomTelePoint_FW
0xffb13fbc,j_GetZoomResetSensorLevel_FW
0xffb13ff8,j_GetZoomDrivingTime_FW
0xffb1408c,j_ClearZoomDriveParam_FW
0xffb14244,j_IsZoomLensOutSidePosition_FW
0xffb1424c,StopZoomEmergency_FW
0xffb14250,j_SetZoomResetState_FW
0xffb14290,ResetZoom_FW
0xffb142c4,ResetZoomToFirst_FW
0xffb142c4,ResetZoomToFirstPoint_FW
0xffb142f8,ResetZoomToTerminate_FW
0xffb142f8,ResetZoomToTerminatePoint_FW
0xffb14334,MoveZoomLensToPosition_FW
0xffb14334,MoveZoomPosition_FW
0xffb14370,MoveZoomLensToPoint_FW
0xffb14370,MoveZoomPoint_FW
0xffb143ac,MoveComputerZoomToPoint_FW
0xffb143e8,ResetZoomToAdjFirstPoint_FW
0xffb1442c,ResetZoomToAdjTerminatePoint_FW
0xffb14504,SetZoomLensEncoderPowerControl_FW
0xffb1450c,SetZoomSpeedMode_FW
0xffb14568,GetZoomDefaultDriveParam_FW
0xffb14580,SetZoomDriveParam_FW
0xffb145b4,GetZoomResetDriveParam_FW
0xffb145cc,SetZoomResetDriveParam_FW
0xffb14600,GetZoomNormalDriveParam_FW
0xffb14618,SetZoomNormalDriveParam_FW
0xffb1464c,GetZoomDefaultCommonDriveParam_FW
0xffb14674,SetZoomCommonDriveParam_FW
0xffb1480c,ClearZoomCommonDriveParam_FW
0xffb14918,MoveZoomLensToMechaEnd_FW
0xffb149d0,MoveZoomLensToPositionByManual_FW
0xffb14b04,ConvertToPositionWithDistanceAndZoomPoint_FW
0xffb14b1c,j_ReloadFocusLensAdjustment_FW
0xffb14b20,j_GetFocusDefaultResetPosition_FW
0xffb14b24,j_GetFocusResetPosition_FW
0xffb14b28,j_GetCurrentTargetDistance_FW
0xffb14b80,j_GetCurrentFocusLensPosition_FW
0xffb14b80,j_GetCurrentFocusPosition_FW
0xffb14bb0,MoveFocusLensToTerminatePosition_FW
0xffb14bb0,MoveFocusToTerminate_FW
0xffb14c94,MoveFocusLensToPositionWithMaxSpeed_FW
0xffb14cd8,MoveFocusLensToPositionWithSpeed_FW
0xffb14dac,MoveFocusLensToPosition_FW
0xffb14df8,MoveFocusPosition_FW
0xffb14ec0,MoveFocusDistance_FW
0xffb14ec0,MoveFocusLensToDistance
0xffb14ec0,MoveFocusLensToDistance_FW
0xffb14f28,ResetFocus_FW
0xffb150f8,j_IsFocusLensOutSidePosition_FW
0xffb15130,j_SetFocusResetState_FW
0xffb15acc,SetScanLensIndex_FW
0xffb15bd0,SetScanWindowMode_FW
0xffb15da8,SelectAdjBPFilter_FW
0xffb15dc8,SetAdjAFWinPos_FW
0xffb15e08,SetBPFilterForBP_FW
0xffb15e28,CancelBPFilterForBP_FW
0xffb15fd4,StartAdjAFService_FW
0xffb160e4,StopAdjAFService_FW
0xffb16288,GetAdjAFInteg_FW
0xffb162a8,StopAdjAFInteg_FW
0xffb16304,StartAdjAFInteg_FW
0xffb16314,SetAdjAFIntegCrwAdd_FW
0xffb16970,StopCustomScan_FW
0xffb169d8,StartCustomScan_FW
0xffb16a48,StartCrwCustomScan_FW
0xffb172e0,CalculatePeakPosByLS_FW
0xffb17340,CalculateInterpolationByLS_FW
0xffb17394,j_ReloadAFAdjustment_FW
0xffb173d0,PrintScanTable_FW
0xffb17464,PrintMultiWinScanTable_FW
0xffb17908,GetExStrobeID_FW
0xffb17910,IsExStrobeChargeComp_FW
0xffb17918,SetExStrobeMode_FW
0xffb1791c,CancelExStrobeMode_FW
0xffb17920,j_ReloadEfAdjustment_FW
0xffb17958,ChargeStrobe_FW
0xffb1798c,ChargeStrobeForFA_FW
0xffb179d8,StopStrobeChargeForFA_FW
0xffb179f8,ExecuteInternalPreFlash_FW
0xffb17a88,j_ReloadColorAdjustment_FW
0xffb17b40,RegistColorMatrix_FW
0xffb17b78,UnregistColorMatrix_FW
0xffb17ce4,ShowCurrentExp_FW
0xffb17d3c,SetAE_ShutterSpeed
0xffb17d3c,SetAE_ShutterSpeed_FW
0xffb17e00,FocusAEWithCompensation_FW
0xffb17e78,SetAE_CdsGainValue_FW
0xffb17f40,FixAEWithCompensation_FW
0xffb17fa0,SetAdj_AEMode_FW
0xffb17fcc,CancelAdj_AEMode_FW
0xffb1801c,PreFixAE_FW
0xffb181a4,AfAEWithAperturePriority_FW
0xffb181f8,AdjAEWithAperturePriority_FW
0xffb1824c,SleepAE_FW
0xffb183a0,AfAEWithCompensation_FW
0xffb184a0,GetVideoOutType
0xffb184a0,GetVideoOutType_FW
0xffb184bc,SwitchOffDisplay_FW
0xffb184f0,SwitchOnDisplay_FW
0xffb1852c,SetVideoOutType
0xffb18568,SetVideoOutType_FW
0xffb18570,IsEVFDrive_FW
0xffb18598,StopEVFDrive_FW
0xffb18848,StartEVFDriveWithMode_FW
0xffb1888c,StartEVFDrive_FW
0xffb188dc,IsEvfDriveMode_FW
0xffb18aa4,GetSumYOfVRAMCenterLine_FW
0xffb18b0c,j_GetVRAMHPixelsSize_FW
0xffb18b10,j_GetVRAMVPixelsSize_FW
0xffb18b14,j_StopContinuousVRAMData_FW
0xffb18b90,GetContinuousVRAMData_FW
0xffb19288,GetPixelsOfViewangle_FW
0xffb1932c,GetContinuousVRAMDataWithRingBuffer_FW
0xffb193c0,j_GetMovieJpegVRAMHPixelsSize_FW
0xffb193c4,j_GetMovieJpegVRAMVPixelsSize_FW
0xffb194f0,GetContinuousMovieJpegVRAMData_FW
0xffb19568,ChangeDistortionSetForLiveImage_FW
0xffb196e4,SetImageMode
0xffb19794,Bat_VIN_FW
0xffb19794,SetInputVoltage_FW
0xffb197a8,Bat_Save_FW
0xffb197a8,SaveBatSenseOffsetAdjustmentTable_FW
0xffb197b8,SetImageMode_FW
0xffb197c0,SetDate
0xffb197c0,SetDate_FW
0xffb19908,SetYear_FW
0xffb19968,SetMonth_FW
0xffb199c4,SetDay_FW
0xffb19a2c,SetHour_FW
0xffb19a90,SetMinute_FW
0xffb19af4,SetSecond_FW
0xffb19b58,GetYear_FW
0xffb19b88,GetMonth_FW
0xffb19bb4,GetDay_FW
0xffb19bdc,GetHour_FW
0xffb19c04,GetMinute_FW
0xffb19c2c,GetSecond_FW
0xffb19c54,SetLangMenuType_FW
0xffb19de0,SaveBmpVRAMData_FW
0xffb1a150,SavePaletteData
0xffb1a150,SavePaletteData_FW
0xffb1a1e8,SaveFromImage_FW
0xffb1a444,SetFactorySerialNumber_FW
0xffb1a454,LoadFactoryNumber_FW
0xffb1a534,LoadSerialNumber_FW
0xffb1a618,GetLastVBatADLevel_FW
0xffb1a620,j_GetVBatVoltage_FW
0xffb1a624,SaveFactoryReserveData_FW
0xffb1a730,SetProductVolume_FW
0xffb1a798,j_GetDCPAdjOffset_FW
0xffb1b83c,GetUnpackCrwIntegralValue_FW
0xffb1b858,GetUnpackCrwIntegralValueForShading_FW
0xffb1bac0,GetUnpackCrwIntegralValueForColorShading_FW
0xffb1bc0c,GetUnpackCrwIntegralMultiValueForShading_FW
0xffb1bc84,GetCaptureInfoData_FW
0xffb1bdcc,ReloadShadingAdjustmentData_FW
0xffb1bdec,ReloadDefectAdjustmentData_FW
0xffb1be30,InitializeDefectAdjustment_FW
0xffb1be40,TerminateDefectAdjustment_FW
0xffb1c04c,DevelopStillPicture_FW
0xffb1c144,InitializeMechaDevice_FW
0xffb1c17c,TerminateMechaDevice_FW
0xffb1c1f0,CreateJumptable
0xffb1f450,task_CtgTotalTask
0xffb2f8e4,task_ReadScheduleTask
0xffb363d4,task_EfctConTask
0xffb36578,task_EfctConLowTask
0xffb38934,SetPMByGpio_FW
0xffb38944,ClearPMByGpio_FW
0xffb3896c,ClearPMByFs_FW
0xffb3897c,MoveDCMotorCW_FW
0xffb389ec,MoveDCMotorCCW_FW
0xffb38a5c,SetDCMotorWaitTime_FW
0xffb39a04,GetFocusLensResetVoltage_FW
0xffb3a7f4,SetZoomLensICDriveData_FW
0xffb4b2e8,task_ReadFileTask
0xffb528e0,_divmod_signed_int
0xffb52ac4,_divmod_unsigned_int
0xffb52e70,_log
0xffb533b0,_log10
0xffb53528,_pow
0xffb544d8,_safe_sqrt
0xffb54524,_dadd
0xffb547fc,_ddiv
0xffb54cc8,_dfix
0xffb54d78,_dfixu
0xffb54e00,_dflt
0xffb54e30,_dfltu
0xffb54e3c,_dcmp
0xffb54ec4,_dmul
0xffb55094,_dcmp_reverse
0xffb55134,_drsb
0xffb5514c,_sqrt
0xffb552c0,_dsub
0xffb55644,_f2d
0xffb557c8,_fdiv
0xffb559ac,_ffix
0xffb55a20,_ffixu
0xffb55a80,_fflt
0xffb55ab4,_ffltu
0xffb55b34,_fmul
0xffb56034,_scalbn
